200
168613
270718
835062
318909
115257
206305
744928
166279
536115
130816
963699
543312
990948
816956
146696
739380
253929
159929
852121
185274
286874
34391
940217
380340
823651
591104
655509
178388
933333
63129
738166
935391
615684
436654
118934
328818
335831
883781
245471
40884
792572
234767
155512
953413
865624
135851
223236
606103
815728
387005
208419
233900
557332
95321
817981
28562
860048
818319
685960
446137
339128
581023
259337
931596
42021
455350
527060
390870
924259
326049
517505
360156
203060
338550
76462
155107
97127
325327
548668
132761
405130
36614
101325
377464
583876
66352
302277
70898
408972
238953
945072
133538
82980
430200
698429
777630
833658
954515
697834
719896
751412
922673
339217
258811
432945
509166
110332
138860
833661
886096
254028
362056
104394
324043
628111
178883
465554
329239
565384
563029
82962
407179
442134
732051
841416
938677
901939
995141
799044
276022
668729
292309
475183
102673
158037
82533
769097
962820
146283
278582
702641
885808
651156
142669
628384
257998
787880
133461
218787
771845
732217
628758
388791
872859
726452
824207
305074
688126
467843
118660
670439
817510
804645
613544
293254
332427
810628
771619
332949
214837
157624
985333
912749
664395
541828
553435
963445
629150
121359
803683
558671
29335
895598
594954
483773
627873
113378
338006
397145
322781
871855
12499
468375
953312
372557
910315
849894
24095
673073
543824
