200
223442
226774
110771
39022
216340
729215
2340
267496
229594
477911
510011
686173
284176
197402
950738
991090
504327
743634
667639
512219
153157
501510
924052
351542
341203
437655
753917
79213
311616
951606
392938
861983
688365
254791
160360
832277
360489
870935
61035
749501
28557
668155
505905
499651
557258
904084
494530
426992
595925
381930
885041
882881
396036
436461
360847
261498
648611
83892
762
22532
890519
34479
881752
993192
67347
295364
295746
858687
361489
741235
615667
9927
260680
851631
968227
191167
627155
308314
73779
824096
100891
947758
412604
323094
329698
510524
240764
17476
452081
216169
874701
945690
939912
309259
492635
891997
996321
242194
700553
848124
526031
719874
713023
680969
865304
299232
619211
747700
968925
490032
418189
676586
416802
276643
500152
235637
867834
231942
167038
857493
66042
28294
357904
360277
997568
204511
681919
290145
957431
134111
685016
556069
469001
199946
755688
545808
622688
125353
131202
683230
654302
234797
231473
286427
539294
893180
402744
550776
912669
74878
55623
699641
632432
970390
449595
656465
120640
475718
257466
279225
172157
861623
427343
556711
332805
33549
375525
878434
530961
988864
991172
436974
77022
288478
969296
653805
552650
100107
300286
803906
736410
629091
789641
263518
849512
732758
135990
274253
716309
252358
651906
185209
383777
713855
989886
397014
660386
643109
881408
435919
