1000
290539
51281
623201
86971
386411
317105
107365
98601
655221
716891
95961
957505
635361
182856
349945
228785
163857
387879
548721
962075
440338
212201
199713
938529
574447
808321
40485
702541
591617
440601
243001
465109
52771
302393
700513
518941
546097
965601
51513
410849
259397
615951
104901
461673
550601
341657
664801
612366
672929
518201
574101
512941
948025
926297
276367
102881
26376
876379
470649
758230
893881
107493
194649
768584
238053
940275
101673
851551
540091
207027
457577
986576
925369
977517
156481
911141
547665
95267
534337
506881
324457
844646
212721
923601
98701
465231
897275
91109
292625
508705
902465
838041
168975
922977
54081
887304
773291
954982
198001
986478
655840
835951
237889
638726
893301
562721
955768
999201
660374
103601
887105
603455
772417
112961
711681
827033
530657
252377
472625
107804
593277
844801
129825
114481
200995
65801
783201
346061
154385
356957
760817
185196
698001
240089
438201
734721
82001
698826
857052
939549
188929
252931
982581
898241
905543
685755
444385
659175
803002
958909
491983
233101
675777
57235
755157
740915
15321
126996
782721
313025
846403
737170
127493
114409
287491
519111
114776
110063
121025
526609
629937
640017
754344
225901
82561
804601
489137
784706
900685
160481
564231
330707
405893
3217
797505
532821
780409
475487
316883
957165
289302
909715
431751
843313
772595
771841
630571
49773
480026
923927
776061
719777
650321
167701
790721
840626
113769
901089
10081
332957
413729
498841
410063
10729
60781
716979
241876
918793
804481
489736
952553
353671
984577
772641
860841
969848
799465
662641
12017
593460
370082
54595
278441
286977
32513
703747
89721
245161
394273
600953
382654
131916
906945
264216
601601
677721
312044
696251
947985
315809
588269
602297
973953
240641
363411
86611
861710
986817
605633
228241
652591
355121
473001
3951
547601
809113
359089
326853
704001
916015
398536
485817
192719
533141
817603
183177
959826
49251
326385
858081
803751
920641
926831
411941
604765
50241
390729
1793
300183
275661
175841
966502
300433
294397
913931
814961
501785
686826
62737
814517
587705
613801
950589
678502
96151
873761
91761
481153
396345
377441
227401
72893
532913
917233
954519
504973
955801
275653
370831
653833
14389
159710
452276
96193
217761
217473
59773
894017
121335
173601
568153
423091
68501
909356
167705
104661
953405
523157
965261
121866
168165
883644
166619
833319
209541
92846
335657
150785
25053
912241
509203
313025
692609
67601
202145
855949
859265
573386
494337
374097
56281
748869
646187
992881
550405
170143
376737
65491
296241
35181
555562
350751
669533
592539
428141
76293
603857
693601
313537
259361
328981
918081
843001
36801
331037
943725
9729
560201
394491
292481
79651
12857
120641
427841
734405
98671
182049
148326
732309
376221
354401
441713
59436
473041
689367
463728
768001
446561
930849
15441
545641
818581
934709
833521
305277
281849
600117
747999
258813
518346
779169
167371
654289
854153
827331
343688
989701
269921
295233
987261
235201
248523
852534
800789
721029
140279
651801
606801
568751
892737
56731
610635
778757
243791
137451
219771
29121
232257
599761
211507
564001
252801
749745
769821
598149
606001
393739
220453
268761
923341
852283
710221
970167
354609
623746
566681
343233
603751
128833
293401
897423
852925
34501
221570
157033
934514
881153
866593
241561
562607
732281
681873
1
241793
582249
446349
889157
497729
911105
66529
996001
45937
511489
122725
750801
601011
877377
170241
41250
377681
889601
22241
564018
476401
752289
613771
934641
523393
228071
747761
688541
872377
810241
263289
961901
553544
503081
4818
320993
484515
812737
433745
747887
245053
772073
943879
423513
720361
878385
162101
356481
226647
892593
250208
911059
44801
262209
11921
520801
943881
446001
461553
6205
504446
359615
632663
274641
273861
865965
836751
612506
989121
522519
11225
385381
956455
374215
200521
719558
809219
894081
240001
312066
903476
988837
281261
243901
509733
451137
980129
885705
958561
410689
911989
334241
538865
238409
330741
405301
313893
498959
898993
608783
403081
832451
484386
101169
285289
537267
867473
1
441605
252211
820021
238801
918235
259291
321157
489915
673292
557441
747118
800101
678041
668461
612961
384421
869651
176025
138926
835713
138715
673551
556097
532501
820641
721331
405921
274971
79051
862276
948781
381673
347617
577723
689281
900159
878025
412202
692556
100085
142141
783769
402321
600001
904961
445696
169089
859921
157157
858561
210121
172417
395305
851809
891069
74573
108001
588303
860353
66251
794881
160673
66020
384769
64471
634001
570397
558301
246951
307316
862051
579745
558289
631357
531289
190501
772071
492711
644101
260631
108969
945291
875521
701689
293901
646201
547018
906377
427921
760577
570601
371201
679122
578201
82443
812045
112142
696760
568339
979097
178827
458981
673329
322049
739201
486145
208817
17495
463555
565750
703221
181454
684479
619153
723961
912136
959101
135761
824511
418438
631001
55185
180257
915161
768181
752931
961335
129383
82751
636853
317801
215309
128284
540225
905499
592641
145217
772801
822017
167521
597921
752339
557701
869175
760321
577471
629280
921153
349945
770206
947672
102511
33268
106291
753961
438787
654021
966017
545473
88175
466092
931942
404779
931229
713313
68609
559057
18541
186626
57337
6017
222961
485281
635289
948657
533961
666817
737761
473891
476001
982425
275037
21007
887265
122092
624324
84984
469745
835131
396417
678561
446051
552546
729233
210657
740623
78369
967809
998657
30561
320701
672073
305616
159191
24925
663985
785228
787686
508927
931851
505551
817442
407671
755877
338769
863521
160961
205581
877813
483521
832581
167761
524537
541681
588116
458673
805013
119309
152172
833961
352531
918671
823073
972545
415553
544001
369353
650163
191244
645475
182545
701651
369551
210964
430309
509161
637201
273241
462393
340785
106819
392993
216833
711281
210177
611901
944011
807001
191990
210497
88241
658551
403041
870657
206313
653539
111681
972656
634191
603311
769237
265276
934677
470117
113407
909693
542361
133153
942141
12001
525713
193317
220956
847041
858070
675425
321574
21116
851091
535397
313601
531433
125421
144150
709249
966701
42241
284257
369321
218711
385153
106533
143281
208269
479169
125725
136401
774721
971711
342801
844001
117351
248333
806209
986785
250001
442961
226561
854233
91625
437861
813549
434061
26881
636641
593751
492713
589220
794376
952849
824801
136961
796101
311307
28513
423689
686921
695141
987621
246189
560951
651985
600001
404341
538841
390099
81493
511361
507501
270361
915349
798976
469461
368771
689066
67551
353081
109201
123601
921281
342849
238473
240721
834705
799809
407553
475481
524251
193465
478262
80496
995577
446001
15185
406401
458625
411681
957501
513281
4297
339261
702309
43201
172801
15111
359841
697182
287165
843881
474931
499899
607651
441753
271729
591985
655101
292506
52033
478049
141003
12749
910809
904621
494817
951597
275201
666449
520693
171024
