2 1
3 1
4 1
5 3
6 1
7 2
8 2
9 2
10 2
11 3
12 2
13 4
14 2
15 2
16 2
17 4
18 2
19 4
20 2
21 4
22 2
23 4
24 1
25 5
26 4
27 3
28 3
29 5
30 2
31 4
32 3
33 5
34 2
35 3
36 2
37 6
38 3
39 3
40 4
41 7
42 2
43 5
44 2
45 4
46 4
47 5
48 2
49 5
50 4
51 4
52 3
53 7
54 2
55 5
56 4
57 5
58 4
59 4
60 2
61 9
62 3
63 4
64 4
65 7
66 2
67 5
68 5
69 4
70 3
71 6
72 3
73 9
74 4
75 3
76 3
77 6
78 3
79 5
80 2
81 7
82 4
83 5
84 2
85 10
86 5
87 4
88 5
89 8
90 2
91 6
92 3
93 6
94 3
95 6
96 5
97 6
98 5
99 4
100 5
101 8
102 3
103 6
104 3
105 5
106 5
107 5
108 3
109 9
110 4
111 6
112 2
113 11
114 1
115 6
116 6
117 7
118 6
119 4
120 3
121 10
122 4
123 4
124 4
125 6
126 2
127 8
128 6
129 5
130 5
131 9
132 4
133 10
134 5
135 4
136 5
137 8
138 4
139 6
140 4
141 7
142 2
143 5
144 3
145 11
146 5
147 5
148 4
149 10
150 4
151 10
152 3
153 7
154 4
155 6
156 3
157 8
158 6
159 3
160 4
161 10
162 5
163 8
164 3
165 6
166 8
167 4
168 3
169 9
170 4
171 5
172 5
173 10
174 1
175 5
176 8
177 9
178 4
179 6
180 4
181 15
182 6
183 8
184 5
185 8
186 3
187 5
188 6
189 6
190 5
191 7
192 2
193 11
194 5
195 4
196 5
197 8
198 3
199 7
200 6
201 9
202 4
203 10
204 5
205 11
206 6
207 5
208 6
209 8
210 2
211 9
212 4
213 9
214 3
215 7
216 3
217 10
218 5
219 4
220 3
221 12
222 6
223 7
224 4
225 8
226 8
227 5
228 7
229 11
230 5
231 4
232 5
233 11
234 2
235 9
236 7
237 7
238 6
239 9
240 3
241 12
242 6
243 6
244 5
245 7
246 5
247 8
248 9
249 8
250 5
251 8
252 2
253 13
254 4
255 4
256 5
257 11
258 2
259 6
260 5
261 10
262 4
263 9
264 3
265 10
266 7
267 7
268 5
269 6
270 5
271 13
272 4
273 9
274 7
275 9
276 5
277 12
278 6
279 5
280 7
281 14
282 4
283 7
284 6
285 6
286 5
287 6
288 5
289 11
290 4
291 6
292 5
293 12
294 3
295 9
296 4
297 6
298 8
299 5
300 3
301 12
302 7
303 6
304 4
305 13
306 8
307 8
308 6
309 10
310 6
311 9
312 4
313 14
314 6
315 5
316 9
317 10
318 5
319 7
320 6
321 8
322 4
323 8
324 3
325 12
326 8
327 5
328 3
329 8
330 2
331 10
332 5
333 10
334 6
335 5
336 6
337 14
338 9
339 4
340 7
341 15
342 4
343 9
344 6
345 10
346 5
347 8
348 5
349 10
350 2
351 7
352 5
353 12
354 2
355 8
356 6
357 6
358 7
359 7
360 3
361 16
362 5
363 7
364 5
365 13
366 4
367 7
368 9
369 10
370 9
371 13
372 5
373 14
374 5
375 8
376 8
377 7
378 4
379 10
380 7
381 9
382 4
383 10
384 5
385 13
386 8
387 7
388 6
389 8
390 3
391 9
392 6
393 11
394 4
395 4
396 4
397 14
398 7
399 4
400 8
401 13
402 5
403 8
404 7
405 6
406 7
407 7
408 5
409 10
410 8
411 8
412 4
413 12
414 5
415 11
416 8
417 11
418 8
419 11
420 3
421 17
422 4
423 5
424 6
425 12
426 6
427 5
428 9
429 9
430 7
431 11
432 6
433 18
434 4
435 7
436 8
437 10
438 6
439 5
440 2
441 9
442 5
443 10
444 1
445 10
446 10
447 5
448 5
449 12
450 4
451 12
452 7
453 9
454 4
455 6
456 7
457 12
458 8
459 7
460 7
461 13
462 6
463 14
464 5
465 9
466 7
467 8
468 5
469 16
470 6
471 6
472 4
473 16
474 3
475 8
476 6
477 10
478 8
479 7
480 4
481 18
482 6
483 6
484 6
485 14
486 4
487 13
488 10
489 8
490 6
491 13
492 4
493 9
494 6
495 7
496 8
497 10
498 5
499 8
500 7